686
698
1230
1244
2219
2253
2282
2284
2606
2699
2858
3150
3213
3404
3722
3724
4338
4340
7938
7940
8363
8426
8433
8440
8762
8867
9002
10763
10787
10991
11003
11786
11951
12033
12040
12203
12402
12465
12656
12962
12976
14082
14096
14882
15035
15105
15136
15275
16589
16620
16625
16632
17500
17605
17740
19469
19525
19695
19709
19980
20175
20225
20232
20429
20596
20689
20848
21700
21712
22276
22288
23620
23773
23809
23872
24013
28721
28753
28923
28925
29232
29427
29441
29472
29681
29776
29941
29953
30016
30193
32523
32525
32547
32561
32581
32593
35519
35759
36063
36303
41663
41915
43247
43259
43823
43835
44687
44939
45303
45555
47795
48035
48903
48915
50399
50653
51439
51453
52559
52573
52879
53133
53495
53749
56533
56773
57095
57109
57595
57597
61195
61197
61811
61813
62131
62385
62677
62929
63251
63253
64291
64305
64837
64849
766
1278
2232
2235
2264
2269
2280
2298
2299
2300
2301
2811
2814
2952
2955
3325
3326
3464
3469
3720
3886
3918
3978
3979
3980
3981
4011
4014
4045
4046
4350
7950
8364
8367
8420
8424
8430
8431
8437
8444
8445
8943
8958
9120
9123
10764
10767
10800
10803
11780
11784
11790
11791
11823
12030
12037
12044
12045
12078
12270
12541
12542
12704
12721
12960
13114
13170
13218
13219
13227
13232
13233
13242
13297
13298
14130
14864
14880
14898
14899
14907
15102
15121
15152
15153
15162
15354
16141
16142
16177
16178
16302
16314
16586
16591
16610
16616
16622
16623
16627
16634
16635
17647
17662
17856
17861
19466
19471
19536
19541
19970
19976
19982
19983
20047
20222
20227
20234
20235
20302
20462
20731
20734
20928
20945
21696
21852
21876
21956
21957
21965
21968
21969
21980
22001
22004
22356
23568
23616
23636
23637
23645
23806
23825
23888
23889
23900
24060
24331
24334
24401
24404
24526
24540
28706
28723
28740
28757
29186
29216
29234
29235
29299
29438
29443
29474
29475
29554
29690
29700
29760
29780
29781
29813
29950
29957
30020
30021
30068
30204
30499
30514
30533
30548
30706
30708
32558
32570
32590
32604
32626
32628
32907
32909
32931
32942
32943
32945
32954
32955
32959
32965
32974
32975
32977
32988
32989
32991
33010
33011
33012
33013
33015
34827
34829
34988
34992
35018
35024
35067
35069
35331
35342
35343
35468
35582
35585
35594
35595
35599
35712
35845
35854
35855
35978
36094
36097
36108
36109
36111
36224
36610
36611
36612
36613
36615
36747
36749
36782
36814
40995
41009
41100
41144
41156
41186
41199
41213
41475
41522
41523
41648
41726
41729
41762
41763
41779
41856
43020
43056
43784
43808
44036
44270
44285
44546
44559
44750
44796
44813
44846
45005
45036
45073
45106
45107
45218
45310
45313
45360
45361
45363
45440
45826
45827
45840
45841
45843
45987
46001
46010
46066
47120
47354
47357
47618
47667
47858
47868
47921
47930
48113
48120
48910
48946
49034
49037
49058
49068
49073
49080
49221
49233
49290
49314
49368
49380
49391
49403
50181
50260
50261
50384
50430
50433
50500
50501
50517
50560
51210
51280
51714
51950
51963
52488
52544
52740
52751
52910
52986
53003
53070
53163
53226
53265
53332
53333
53444
53502
53505
53584
53585
53589
53632
54532
54533
54544
54545
54549
54725
54737
54748
54772
55312
55547
55548
56324
56405
56564
56570
56657
56668
56817
56824
57102
57172
57227
57228
57284
57290
57297
57304
57378
57412
57858
58095
58106
58372
58607
58620
59631
59643
59645
60975
61007
61071
61226
61260
61323
61325
61728
61760
61968
62003
62138
62190
62243
62322
62379
62442
62480
62549
62684
62702
62789
62836
62925
62956
63282
63316
63395
63408
63429
63440
63458
63460
64059
64115
64179
64298
64368
64419
64433
64605
64629
64725
64844
64880
64965
64977
65070
65082
65102
65116
65138
65140
