139
141
163
172
177
184
197
202
209
216
226
228
232
686
698
766
1230
1244
1278
2059
2061
2219
2232
2235
2253
2264
2269
2280
2282
2284
2298
2299
2300
2301
2563
2572
2606
2699
2746
2762
2764
2811
2814
2817
2824
2858
2952
2955
2986
3077
3082
3150
3213
3242
3244
3292
3325
3326
3329
3336
3404
3464
3469
3532
3586
3588
3592
3720
3722
3724
3886
3918
3978
3979
3980
3981
4011
4014
4045
4046
4338
4340
4350
7938
7940
7950
8227
8241
8363
8364
8367
8420
8424
8426
8430
8431
8433
8437
8440
8444
8445
8707
8752
8762
8867
8878
8930
8943
8944
8958
8961
8992
9002
9120
9123
9130
10763
10764
10767
10787
10798
10800
10803
10810
10986
10990
10991
11002
11003
11780
11784
11786
11790
11791
11810
11823
11946
11950
11951
12030
12031
12033
12037
12040
12044
12045
12064
12078
12202
12203
12270
12271
12305
12322
12402
12458
12465
12472
12532
12541
12542
12545
12576
12656
12704
12721
12784
12802
12816
12832
12960
12962
12976
13114
13170
13218
13219
13227
13232
13233
13242
13297
13298
14082
14096
14130
14858
14864
14880
14882
14898
14899
14907
15018
15034
15035
15102
15103
15105
15112
15121
15136
15152
15153
15162
15274
15275
15354
15355
16132
16141
16142
16144
16177
16178
16302
16303
16314
16315
16453
16465
16586
16589
16591
16610
16616
16620
16622
16623
16625
16627
16632
16634
16635
17413
17488
17500
17605
17614
17636
17647
17648
17662
17665
17728
17740
17856
17861
17868
19466
19469
19471
19525
19534
19536
19541
19548
19692
19694
19695
19708
19709
19970
19976
19980
19982
19983
20036
20047
20172
20174
20175
20222
20223
20225
20227
20232
20234
20235
20288
20302
20428
20429
20462
20463
20497
20548
20596
20684
20689
20696
20722
20731
20734
20737
20800
20848
20928
20945
20976
21508
21520
21568
21696
21700
21712
21852
21876
21956
21957
21965
21968
21969
21980
22001
22004
22276
22288
22356
23564
23568
23616
23620
23636
23637
23645
23756
23772
23773
23806
23807
23809
23816
23825
23872
23888
23889
23900
24012
24013
24060
24061
24322
24331
24334
24336
24401
24404
24526
24527
24540
24541
28706
28721
28723
28740
28753
28757
28786
28788
28920
28922
28923
28924
28925
29186
29216
29232
29234
29235
29264
29299
29424
29426
29427
29438
29439
29441
29443
29472
29474
29475
29504
29554
29680
29681
29690
29691
29700
29744
29760
29776
29780
29781
29813
29936
29940
29941
29950
29951
29953
29957
29984
30016
30020
30021
30068
30192
30193
30204
30205
30466
30468
30499
30514
30533
30548
30706
30707
30708
30709
32520
32522
32523
32524
32525
32544
32546
32547
32558
32559
32560
32561
32570
32571
32576
32580
32581
32590
32591
32592
32593
32604
32605
32626
32627
32628
32629
32907
32909
32931
32942
32943
32945
32954
32955
32959
32965
32974
32975
32977
32988
32989
32991
33010
33011
33012
33013
33015
34827
34829
34987
34988
34992
35002
35018
35021
35024
35036
35067
35069
35331
35342
35343
35467
35468
35514
35515
35519
35530
35532
35578
35582
35585
35594
35595
35599
35712
35722
35754
35755
35759
35845
35854
35855
35978
35981
36010
36012
36060
36061
36063
36092
36094
36097
36108
36109
36111
36224
36236
36300
36301
36303
36610
36611
36612
36613
36615
36747
36749
36778
36782
36812
36814
40995
41009
41100
41131
41134
41144
41156
41186
41199
41201
41204
41213
41475
41522
41523
41635
41646
41647
41648
41663
41698
41710
41712
41726
41729
41762
41763
41779
41856
41890
41898
41899
41915
43020
43056
43179
43200
43247
43259
43531
43534
43555
43566
43567
43570
43578
43579
43659
43683
43692
43704
43722
43726
43727
43746
43762
43763
43784
43808
43823
43835
43944
44036
44160
44202
44206
44207
44236
44270
44285
44287
44546
44559
44578
44590
44687
44706
44750
44796
44801
44804
44813
44832
44846
44939
44962
44963
45005
45007
45036
45073
45106
45107
45218
45226
45233
45240
45300
45301
45303
45308
45310
45313
45360
45361
45363
45440
45488
45552
45553
45555
45826
45827
45840
45841
45843
45987
45994
46001
46010
46064
46066
47120
47232
47274
47290
47291
47344
47354
47357
47359
47618
47626
47667
47674
47754
47795
47858
47868
47873
47880
47888
47921
47930
48010
48011
48035
48113
48115
48120
48900
48901
48903
48908
48910
48912
48913
48915
48944
48946
49024
49034
49037
49039
49058
49068
49073
49075
49080
49221
49233
49290
49314
49357
49358
49368
49380
49391
49393
49394
49403
50181
50260
50261
50373
50382
50383
50384
50399
50404
50414
50416
50430
50433
50500
50501
50517
50560
50628
50636
50637
50653
51210
51280
51360
51405
51439
51453
51714
51840
51882
51916
51918
51919
51950
51963
51967
52237
52238
52293
52302
52303
52308
52316
52317
52365
52396
52398
52399
52421
52426
52440
52452
52468
52469
52488
52544
52559
52573
52680
52740
52751
52804
52814
52879
52910
52932
52986
52993
52994
53003
53056
53070
53133
53163
53167
53188
53189
53226
53265
53332
53333
53444
53452
53457
53464
53490
53491
53495
53498
53502
53505
53584
53585
53589
53632
53712
53744
53745
53749
54532
54533
54544
54545
54549
54725
54732
54737
54748
54768
54772
55312
55424
55500
55516
55517
55536
55547
55548
55551
56324
56332
56405
56412
56460
56533
56564
56570
56577
56584
56592
56657
56668
56716
56717
56773
56817
56821
56824
57090
57091
57095
57098
57102
57104
57105
57109
57168
57172
57216
57227
57228
57231
57284
57290
57297
57301
57304
57378
57412
57480
57585
57595
57597
57858
57984
58026
58095
58096
58098
58099
58106
58111
58372
58496
58572
58607
58608
58612
58613
58620
58623
59400
59424
59456
59631
59643
59645
59647
59946
60492
60975
61007
61071
61176
61185
61195
61197
61216
61218
61219
61226
61231
61248
61252
61253
61260
61263
61323
61325
61327
61416
61489
61490
61521
61524
61554
61555
61556
61557
61617
61624
61626
61627
61649
61656
61660
61661
61666
61668
61728
61760
61811
61813
61920
61968
62003
62032
62066
62131
62138
62160
62190
62209
62210
62243
62272
62322
62379
62385
62395
62416
62417
62442
62480
62512
62549
62580
62640
62677
62684
62702
62721
62724
62752
62789
62836
62896
62897
62925
62929
62941
62956
63234
63235
63236
63237
63251
63253
63266
63282
63300
63316
63360
63395
63408
63411
63429
63440
63445
63458
63460
63600
64059
64115
64179
64236
64257
64264
64266
64267
64291
64298
64305
64315
64320
64336
64337
64368
64371
64419
64433
64435
64488
64605
64629
64725
64746
64769
64776
64780
64781
64800
64816
64817
64837
64844
64849
64861
64880
64885
64965
64977
64981
65000
65026
65028
65040
65070
65082
65102
65116
65138
65140
65196
65208
65226
65240
65250
65252
